obj_mainplayer,524,292,000C33A1,0,1,1,4294967295,0,0
obj_soildsmall,380,180,807695F1,0,1,1,4294967295,0,0
obj_soildsmall,400,180,95EC927A,0,1,1,4294967295,0,0
obj_soildsmall,420,180,65D14E1E,0,1,1,4294967295,0,0
obj_soildsmall,440,180,5C1AC1CB,0,1,1,4294967295,0,0
obj_soildsmall,460,180,53F16082,0,1,1,4294967295,0,0
obj_soildsmall,480,180,564894A6,0,1,1,4294967295,0,0
obj_soildsmall,500,180,591C85C6,0,1,1,4294967295,0,0
obj_soildsmall,520,180,C2E2C3BE,0,1,1,4294967295,0,0
obj_soildsmall,540,180,E159C877,0,1,1,4294967295,0,0
obj_soildsmall,560,180,EB7154A2,0,1,1,4294967295,0,0
obj_soildsmall,580,180,71F0D426,0,1,1,4294967295,0,0
obj_soildsmall,600,180,531C51E1,0,1,1,4294967295,0,0
obj_soildsmall,620,180,F448009F,0,1,1,4294967295,0,0
obj_soildsmall,640,180,A201B2CA,0,1,1,4294967295,0,0
obj_soildsmall,660,180,F6BD2769,0,1,1,4294967295,0,0
obj_soildsmall,680,180,DBD18C24,0,1,1,4294967295,0,0
obj_soildsmall,680,400,1AFC07B0,0,1,1,4294967295,0,0
obj_soildsmall,680,320,A4894B42,0,1,1,4294967295,0,0
obj_soildsmall,680,300,CF185FAF,0,1,1,4294967295,0,0
obj_soildsmall,680,280,357E2DDA,0,1,1,4294967295,0,0
obj_soildsmall,680,260,6219462B,0,1,1,4294967295,0,0
obj_soildsmall,680,240,E562D7EA,0,1,1,4294967295,0,0
obj_soildsmall,680,220,9BFB9FDB,0,1,1,4294967295,0,0
obj_soildsmall,680,200,62685E52,0,1,1,4294967295,0,0
obj_soildsmall,660,400,AE3E1A89,0,1,1,4294967295,0,0
obj_soildsmall,640,400,ED73B4EF,0,1,1,4294967295,0,0
obj_soildsmall,620,400,5E84E976,0,1,1,4294967295,0,0
obj_soildsmall,600,400,DE86619E,0,1,1,4294967295,0,0
obj_soildsmall,580,400,96C018FD,0,1,1,4294967295,0,0
obj_soildsmall,560,400,F55ACDF2,0,1,1,4294967295,0,0
obj_soildsmall,540,400,94DEFE88,0,1,1,4294967295,0,0
obj_soildsmall,520,400,4FD292B5,0,1,1,4294967295,0,0
obj_soildsmall,500,400,D2E3D3A2,0,1,1,4294967295,0,0
obj_soildsmall,480,400,B84A2E18,0,1,1,4294967295,0,0
obj_soildsmall,460,400,B5F0FBE6,0,1,1,4294967295,0,0
obj_soildsmall,440,400,903C244D,0,1,1,4294967295,0,0
obj_soildsmall,420,400,D5168598,0,1,1,4294967295,0,0
obj_soildsmall,400,400,F936B4C3,0,1,1,4294967295,0,0
obj_soildsmall,380,400,C8299336,0,1,1,4294967295,0,0
obj_soildsmall,380,380,448E5F22,0,1,1,4294967295,0,0
obj_soildsmall,380,360,0AD869F2,0,1,1,4294967295,0,0
obj_soildsmall,380,340,560AB170,0,1,1,4294967295,0,0
obj_soildsmall,380,320,139B1346,0,1,1,4294967295,0,0
obj_soildsmall,380,300,2A107D47,0,1,1,4294967295,0,0
obj_soildsmall,380,280,AE5666FD,0,1,1,4294967295,0,0
obj_soildsmall,380,260,78F49718,0,1,1,4294967295,0,0
obj_soildsmall,380,240,F06864DB,0,1,1,4294967295,0,0
obj_soildsmall,380,220,A12B5D9F,0,1,1,4294967295,0,0
obj_soildsmall,380,200,87A6E07B,0,1,1,4294967295,0,0
obj_soildsmall,700,320,9E8E3595,0,1,1,4294967295,0,0
obj_soildsmall,720,320,032DE3C7,0,1,1,4294967295,0,0
obj_soildsmall,740,320,41C33B4F,0,1,1,4294967295,0,0
obj_soildsmall,760,320,43F63B31,0,1,1,4294967295,0,0
obj_soildsmall,780,320,E757DCCE,0,1,1,4294967295,0,0
obj_soildsmall,800,320,5177C444,0,1,1,4294967295,0,0
obj_soildsmall,820,320,EDD0AB24,0,1,1,4294967295,0,0
obj_soildsmall,840,320,6C759C74,0,1,1,4294967295,0,0
obj_soildsmall,700,400,5EBDAAB1,0,1,1,4294967295,0,0
obj_soildsmall,720,400,68D6ABBD,0,1,1,4294967295,0,0
obj_soildsmall,740,400,BB16B47D,0,1,1,4294967295,0,0
obj_soildsmall,760,400,5475210C,0,1,1,4294967295,0,0
obj_soildsmall,780,400,F9FEF8B3,0,1,1,4294967295,0,0
obj_soildsmall,800,400,39313EDC,0,1,1,4294967295,0,0
obj_soildsmall,820,400,8DDC6340,0,1,1,4294967295,0,0
obj_soildsmall,860,320,E2F6FD25,0,1,1,4294967295,0,0
obj_soildsmall,880,320,50576A00,0,1,1,4294967295,0,0
obj_soildsmall,900,320,28DA71CF,0,1,1,4294967295,0,0
obj_soildsmall,900,340,718D743E,0,1,1,4294967295,0,0
obj_soildsmall,900,360,5FCE7C93,0,1,1,4294967295,0,0
obj_soildsmall,900,380,F00E925A,0,1,1,4294967295,0,0
obj_soildsmall,900,400,A1265568,0,1,1,4294967295,0,0
obj_soildsmall,900,420,46792F54,0,1,1,4294967295,0,0
obj_soildsmall,900,440,6D0317D5,0,1,1,4294967295,0,0
obj_soildsmall,820,420,87D42C7F,0,1,1,4294967295,0,0
obj_soildsmall,820,440,D05852B4,0,1,1,4294967295,0,0
obj_soildsmall,820,460,3BCF1715,0,1,1,4294967295,0,0
obj_soildsmall,900,460,359D4DBB,0,1,1,4294967295,0,0
obj_soildsmall,900,480,4C2CF7B8,0,1,1,4294967295,0,0
obj_soildsmall,900,500,9C348967,0,1,1,4294967295,0,0
obj_soildsmall,900,520,EF9B5627,0,1,1,4294967295,0,0
obj_soildsmall,900,540,F5E62825,0,1,1,4294967295,0,0
obj_soildsmall,900,560,BF720210,0,1,1,4294967295,0,0
obj_soildsmall,820,480,FE1EA830,0,1,1,4294967295,0,0
obj_soildsmall,820,500,7AFF5E33,0,1,1,4294967295,0,0
obj_soildsmall,820,520,EB96B15A,0,1,1,4294967295,0,0
obj_soildsmall,820,540,190AB625,0,1,1,4294967295,0,0
obj_soildsmall,820,560,D1BC4C19,0,1,1,4294967295,0,0
object6,840,640,DFC4105F,0,1,1,4294967295,0,0
object6,860,640,884A1891,0,1,1,4294967295,0,0
object6,880,640,98E7AF02,0,1,1,4294967295,0,0
obj_soildsmall,820,580,349CD9AA,0,1,1,4294967295,0,0
obj_soildsmall,820,600,60375EAF,0,1,1,4294967295,0,0
obj_soildsmall,820,620,4168824A,0,1,1,4294967295,0,0
obj_soildsmall,820,640,9CEAC087,0,1,1,4294967295,0,0
obj_soildsmall,900,580,44F5308C,0,1,1,4294967295,0,0
obj_soildsmall,900,600,E53B9899,0,1,1,4294967295,0,0
obj_soildsmall,900,620,91DDC3DE,0,1,1,4294967295,0,0
obj_soildsmall,900,640,36270277,0,1,1,4294967295,0,0
